IdProvincia	IdEstacion	Fecha	Año	Dia	Temp Media (ºC)	Temp Max (ºC)	Hora Temp Max	Temp Mínima (ºC)	Hora Temp Min	Radiación (MJ/m2)	Precipitación (mm)	PePMon	EtPMon	Temp Suelo 10 cm (ºC)	Temp Suelo 30 cm (ºC)
4	1	01/01/2015	2015	1	11,27	15,51	14:28	6,84	2:20	11,57	0	0	1,88	11,37	12,63
4	1	02/01/2015	2015	2	10,86	16,25	13:50	8,13	7:18	11,82	0	0	1,09	12,11	13,04
4	1	03/01/2015	2015	3	11,17	17,2	13:42	6,91	6:10	12,21	0	0	1,27	11,72	13
4	1	04/01/2015	2015	4	11,72	17,34	14:04	6,7	6:34	12,45	0	0	1,28	11,7	12,87
4	1	05/01/2015	2015	5	11,48	17,06	13:06	8,26	5:08	11,45	0	0	1,07	12,07	12,94
4	1	06/01/2015	2015	6	11,12	15,44	13:26	8,25	7:20	11,01	0	0	1,21	12,35	13,12
4	1	07/01/2015	2015	7	12,12	16,65	12:12	8,45	4:58	11,41	0	0	1,41	12,91	13,24
4	1	08/01/2015	2015	8	11,82	16,25	13:40	8,65	5:46	11,46	0	0	1,36	12,95	13,54
4	1	09/01/2015	2015	9	11,33	16,39	12:38	8,26	7:08	12,24	0	0	1,39	12,64	13,53
4	1	10/01/2015	2015	10	11,3	18,83	14:02	7,18	6:34	12,79	0	0	1,52	12,42	13,38
4	1	11/01/2015	2015	11	13,07	18,08	12:48	9,06	5:28	10,48	0	0	1,55	12,76	13,39
4	1	12/01/2015	2015	12	14,33	17,28	3:10	11,28	23:16	7,14	0	0	2,29	13,43	13,68
4	1	13/01/2015	2015	13	12,85	17,33	12:42	10,34	5:38	9,35	0	0	1,14	13,92	13,89
4	1	14/01/2015	2015	14	13,71	18,33	14:20	11,08	5:38	10,53	0	0	1,09	14,89	14,43
4	1	15/01/2015	2015	15	13,09	16,05	11:36	9,86	5:50	10,92	0	0	1,4	14,53	14,69
4	1	16/01/2015	2015	16	12,86	16,19	11:38	9,13	23:58	10	6,4	2,96	2,29	13,81	14,64
4	1	17/01/2015	2015	17	10,73	14,86	10:32	6,43	4:42	13,5	0	0	1,54	11,71	13,63
4	1	18/01/2015	2015	18	9,55	12,09	11:30	7,11	5:18	5,56	2,8	0	1,15	10,94	12,93
4	1	19/01/2015	2015	19	10,12	14,16	13:48	7,98	6:30	9,79	4,2	1,19	1,17	12,34	12,94
4	1	20/01/2015	2015	20	10,19	13,89	11:50	7,44	5:58	11,87	0,2	0	1,26	12,58	13,21
4	1	21/01/2015	2015	21	9,7	13,36	16:24	6,76	6:14	13,5	1	0	1,62	12,15	13,2
4	1	22/01/2015	2015	22	10,89	15,58	12:16	6,82	3:44	14,03	0	0	1,82	11,16	12,7
4	1	23/01/2015	2015	23	11,51	16,65	11:40	8,59	7:14	14,42	0	0	1,84	10,96	12,43
4	1	24/01/2015	2015	24	11,08	16,72	13:36	7,99	23:16	14,44	0	0	1,57	11,21	12,32
4	1	25/01/2015	2015	25	11,49	18,27	13:40	6,03	6:58	14,51	0	0	1,4	11,36	12,37
4	1	26/01/2015	2015	26	11,38	16,65	13:22	7,45	7:22	14,37	0	0	1,49	11,87	12,55
4	1	27/01/2015	2015	27	11,3	15,71	13:12	8,13	6:08	14,3	0	0	1,48	12,33	12,79
4	1	28/01/2015	2015	28	11,61	17,39	14:32	8,26	5:00	14,23	0	0	1,58	12,53	12,96
4	1	29/01/2015	2015	29	12,2	16,19	14:02	7,25	6:24	13,55	0	0	1,58	12,54	13,04
4	1	30/01/2015	2015	30	14,8	20,09	12:08	11,28	7:12	13,3	0	0	2,99	13,95	13,46
4	1	31/01/2015	2015	31	14,64	21,12	13:36	10,06	21:52	14,25	0	0	5,17	15,06	14,33
4	1	01/02/2015	2015	32	10,74	14,63	14:36	5,62	7:18	15,57	0	0	1,72	13,12	14,09
4	1	02/02/2015	2015	33	10,95	14,7	15:46	7,72	6:58	15,28	0	0	2,38	12,81	13,63
4	1	03/02/2015	2015	34	12,86	17,18	12:12	9,19	7:26	15,61	0	0	3,15	13,73	13,81
4	1	04/02/2015	2015	35	10,47	14,03	12:58	5,02	23:50	15,47	0	0	2,84	13,51	14,01
4	1	05/02/2015	2015	36	8,42	13,15	13:20	3,19	5:04	16,16	0	0	1,75	11,94	13,42
4	1	06/02/2015	2015	37	9,24	13,09	15:08	5,22	7:26	16,08	0	0	1,95	11,93	13,07
4	1	07/02/2015	2015	38	8,59	13,15	12:08	6,5	6:36	11,87	0	0	1,99	11,76	12,91
4	1	08/02/2015	2015	39	8,91	12,75	14:14	6,16	23:12	14,68	0	0	2,13	12,4	12,95
4	1	09/02/2015	2015	40	10,78	14,83	12:34	6,5	0:00	16,79	0	0	3,16	12,23	12,97
4	1	10/02/2015	2015	41	11,63	14,65	12:10	10,19	6:20	8,38	0	0	2,81	12,68	13,19
4	1	11/02/2015	2015	42	12,5	17,12	14:16	8,93	6:46	14,6	0	0	1,86	13,51	13,34
4	1	12/02/2015	2015	43	10,58	11,68	15:12	9,65	6:48	3,08	7	3,41	0,79	13,2	13,75
4	1	13/02/2015	2015	44	11,29	15,17	14:06	8,52	6:38	15,49	0	0	1,74	13,8	13,68
4	1	14/02/2015	2015	45	11,91	14,85	14:44	8,38	3:44	4,35	0	0	1,07	12,19	13,54
4	1	15/02/2015	2015	46	14,17	19,21	16:00	10,33	20:50	12,95	0	0	2,78	13,4	13,37
4	1	16/02/2015	2015	47	13,07	19,13	12:52	9,06	5:10	17,51	0	0	2,12	14	13,78
4	1	17/02/2015	2015	48	10,84	12,57	20:40	7,98	11:52	1,55	32,6	19,91	1,61	11,42	13,31
4	1	18/02/2015	2015	49	12,93	15,51	12:00	11,08	2:56	15,99	0,2	0	3,23	12,03	12,57
4	1	19/02/2015	2015	50	13,34	16,59	14:56	11,62	4:24	16,48	0	0	3,62	12,38	12,9
4	1	20/02/2015	2015	51	12,72	15,93	13:16	8,92	22:46	10,25	0	0	2,19	12,76	13,14
4	1	21/02/2015	2015	52	12,15	17,33	15:58	7,11	3:26	17,58	0	0	2,21	13,27	13,25
4	1	22/02/2015	2015	53	13,57	17,12	15:12	9,93	5:16	18,74	0	0	2,46	14,04	13,77
4	1	23/02/2015	2015	54	14,26	18,48	13:50	10,48	4:22	17,95	0	0	2,64	14,33	14,11
4	1	24/02/2015	2015	55	13,92	17,72	11:56	10,01	21:02	19,55	0	0	2,64	14,69	14,43
4	1	25/02/2015	2015	56	13,49	16,6	11:08	9,86	7:12	10,77	0	0	2,25	13,71	14,37
4	1	26/02/2015	2015	57	15,81	20,68	13:50	11,48	2:54	18,01	0	0	2,94	14,54	14,27
4	1	27/02/2015	2015	58	16,13	20,82	14:24	11,82	3:40	19,01	0	0	2,82	15,84	15,01
4	1	28/02/2015	2015	59	13,57	17,98	13:44	10,13	22:12	19,11	0	0	2,69	16,53	15,77
4	1	01/03/2015	2015	60	13,87	19,61	14:48	9,06	3:38	16,11	0	0	2,23	16,15	15,91
4	1	02/03/2015	2015	61	14,76	20,35	11:32	9,94	6:40	19,77	0	0	2,69	16,76	16,09
4	1	03/03/2015	2015	62	14,05	19,87	13:14	10,13	5:52	17,97	0,2	0	2,29	17,95	16,7
4	1	04/03/2015	2015	63	13,03	16,37	14:10	11,47	7:24	11,8	0,2	0	1,88	18,09	17,29
4	1	05/03/2015	2015	64	11,67	14,9	13:42	6,64	22:12	18,86	0	0	3,05	16,89	17,04
4	1	06/03/2015	2015	65	11,48	16,37	12:10	7,25	1:58	21,81	0	0	2,9	15,97	16,45
4	1	07/03/2015	2015	66	11,66	16,78	15:18	7,45	6:18	22,13	0	0	2,69	16,47	16,42
4	1	08/03/2015	2015	67	11,82	17,31	13:32	6,98	5:16	20,13	0	0	2,56	16,54	16,47
4	1	09/03/2015	2015	68	12,22	17,44	12:48	8,25	6:26	20,4	0	0	2,45	17,19	16,69
4	1	10/03/2015	2015	69	13,05	20,07	14:30	7,79	5:02	20,66	0	0	2,63	17,53	16,96
4	1	11/03/2015	2015	70	13,71	19,68	13:12	8,46	4:34	22	0	0	3,08	17,67	17,2
4	1	12/03/2015	2015	71	14	19,94	12:54	9,13	5:52	22,02	0	0	2,92	18,16	17,43
4	1	13/03/2015	2015	72	13,38	18,53	13:28	10,13	1:46	15,58	0	0	2,27	18,23	17,67
4	1	14/03/2015	2015	73	12,51	15,86	10:02	9,99	6:28	7,13	0	0	1,43	17,42	17,65
4	1	15/03/2015	2015	74	12,35	16,57	14:16	9,67	22:34	17,9	0,4	0	2,67	17,93	17,35
4	1	16/03/2015	2015	75	12,19	17,6	11:22	9,86	1:04	10,29	1,2	0	1,89	17,03	17,44
4	1	17/03/2015	2015	76	12,8	15,91	12:34	9,32	5:34	19	0,8	0	3,38	16,68	16,94
4	1	18/03/2015	2015	77	11,77	15,04	13:22	9,38	0:52	7,19	6,2	2,8	1,74	15,24	16,53
4	1	19/03/2015	2015	78	14,77	19,82	16:54	9,72	1:28	9,68	0	0	2,72	14,76	15,75
4	1	20/03/2015	2015	79	13,4	17,2	10:12	8,82	13:44	5,83	16,2	9,86	1,88	14,47	15,67
4	1	21/03/2015	2015	80	12,66	17,33	13:12	9,4	1:24	17,45	0,2	0	2,74	15,02	15,27
4	1	22/03/2015	2015	81	13,03	18,13	12:58	8,99	3:56	17,77	0	0	2,51	15,99	15,74
4	1	23/03/2015	2015	82	13,71	18,66	13:14	10,54	3:26	20,97	0,2	0	3,09	16,8	16,33
4	1	24/03/2015	2015	83	11,55	14,37	12:40	8,79	22:32	16,61	13,4	8	2,5	15,75	16,45
4	1	25/03/2015	2015	84	11,18	15,51	13:14	8,12	3:06	10,01	0	0	2,06	14,32	15,57
4	1	26/03/2015	2015	85	12,33	16,84	14:00	7,51	1:34	24,88	0	0	3,48	15	15,07
4	1	27/03/2015	2015	86	16,47	22,77	15:30	11,41	6:20	25,13	0	0	3,72	17,72	16,2
4	1	28/03/2015	2015	87	18,72	24,23	13:46	13,57	23:52	25,39	0	0	4,18	19,2	17,57
4	1	29/03/2015	2015	88	19,1	26,46	13:36	12,09	3:24	24,31	0	0	4,05	20,01	18,44
4	1	30/03/2015	2015	89	20,31	27,53	12:52	14,45	3:54	23,46	0	0	4,16	20,74	19,14
4	1	31/03/2015	2015	90	21,7	29,14	14:20	14,16	4:24	25,37	0	0	4,2	22,04	19,94
4	1	01/04/2015	2015	91	18,52	23,3	12:34	13,36	22:24	25,07	0	0	4,71	22,03	20,66
4	1	02/04/2015	2015	92	14,9	18,2	10:44	11,75	23:56	24,62	0	0	3,42	21,2	20,47
4	1	03/04/2015	2015	93	14,29	18,92	14:20	10,75	6:06	21,56	0	0	3	20,88	20,29
4	1	04/04/2015	2015	94	14,3	17,72	11:58	11,21	3:06	20,01	0	0	2,81	20,88	20,21
4	1	05/04/2015	2015	95	15,19	19,8	14:04	12,28	5:46	21,57	0	0	3,35	21,48	20,45
4	1	06/04/2015	2015	96	15,53	18,28	10:08	12,5	5:48	12,75	0	0	3,51	19,61	20,3
4	1	07/04/2015	2015	97	14,38	17,14	10:14	13,02	3:50	9,82	0	0	3,8	17,88	19,22
4	1	08/04/2015	2015	98	16,28	20,16	16:10	12,34	23:56	15,79	0,2	0	4,27	18,23	18,6
4	1	09/04/2015	2015	99	14,27	18,07	13:50	11,35	0:00	17,91	0,4	0	3,05	19	18,85
4	1	10/04/2015	2015	100	13,98	17,86	11:40	10,4	4:20	24,93	0	0	3,47	20,22	19,19
4	1	11/04/2015	2015	101	13,54	16,39	14:00	12,28	7:28	8,55	9,2	5,05	1,56	18,84	19,48
4	1	12/04/2015	2015	102	17,16	23,52	15:52	11,82	4:22	22,44	2,4	0	4,76	18,91	18,85
4	1	13/04/2015	2015	103	22,06	26,88	14:08	18,08	4:24	23,08	0	0	7,06	20,01	19,16
4	1	14/04/2015	2015	104	23,68	27,35	16:18	15,02	23:42	22,17	0	0	6,24	21,77	20,27
4	1	15/04/2015	2015	105	14,8	18,1	7:32	13,22	0:00	3,08	12,8	7,57	1,4	19,31	20,37
4	1	16/04/2015	2015	106	15,5	18,46	11:46	12,56	2:04	25,47	0,2	0	3,56	19,81	19,48
4	1	17/04/2015	2015	107	17,18	23,02	15:02	12,55	4:42	25,75	0	0	4,01	21,36	20,01
4	1	18/04/2015	2015	108	16,8	21,68	12:48	13,63	23:30	25,22	0	0	4,1	21,65	20,8
4	1	19/04/2015	2015	109	16,52	21,68	13:28	12,16	5:42	26,08	0	0	4,1	22,19	21,06
4	1	20/04/2015	2015	110	17,4	21,76	13:18	13,63	0:50	27,51	0,2	0	4,88	22,74	21,63
4	1	21/04/2015	2015	111	19,05	24,73	11:40	15,44	21:40	20,07	0	0	6,36	22,02	21,7
4	1	22/04/2015	2015	112	17,08	20,82	11:14	14,84	3:30	24,63	0	0	4,23	22,99	21,69
4	1	23/04/2015	2015	113	16,63	21,75	15:00	12,69	3:42	26,41	0	0	4,03	24	22,38
4	1	24/04/2015	2015	114	15,54	20,21	12:00	12,89	3:04	17,02	0	0	2,78	23,2	22,62
4	1	25/04/2015	2015	115	16,79	21,02	11:54	13,56	1:48	15,7	0	0	2,81	22,94	22,46
4	1	26/04/2015	2015	116	17,23	21,69	12:50	14,38	23:54	24,02	0,6	0	4,32	23,09	22,48
4	1	27/04/2015	2015	117	16,52	21,56	10:36	13,3	5:40	28,62	0	0	5,14	22,91	22,25
4	1	28/04/2015	2015	118	17,75	23,49	13:40	13,9	5:06	28,1	0	0	4,61	24,37	22,72
4	1	29/04/2015	2015	119	16,85	21,82	11:34	12,63	5:42	26,71	0	0	4,35	25,09	23,49
4	1	30/04/2015	2015	120	18,26	22,75	14:52	14,11	4:36	28	0	0	4,53	25,78	23,93
4	1	01/05/2015	2015	121	17,84	24,37	13:06	12,9	4:54	26,73	0	0	4,55	26,21	24,45
4	1	02/05/2015	2015	122	21,2	28,88	11:02	14,65	0:38	26,95	0	0	4,82	26,96	24,85
4	1	03/05/2015	2015	123	20,81	29,15	12:32	14,79	5:00	25,75	0	0	5,02	27,45	25,41
4	1	04/05/2015	2015	124	21,71	28	13:36	17	0:04	22,29	0	0	4,97	27,66	25,9
4	1	05/05/2015	2015	125	18,67	22,31	14:06	15,38	23:50	15,3	0	0	3,76	25,23	25,44
4	1	06/05/2015	2015	126	19,14	25,11	12:22	13,97	4:18	28,76	0	0	4,89	26,73	24,94
4	1	07/05/2015	2015	127	20,11	27,39	13:52	14,31	2:56	28,91	0	0	5,2	27,62	25,69
4	1	08/05/2015	2015	128	18,54	23,51	12:56	14,25	5:20	29,66	0	0	5,06	27,59	26,09
4	1	09/05/2015	2015	129	21,93	29,06	12:30	15,12	2:00	28,57	0	0	5,4	28,56	26,33
4	1	10/05/2015	2015	130	23,28	28,69	9:22	16,46	23:58	27,87	0	0	7,05	28,68	26,94
4	1	11/05/2015	2015	131	20,1	25,52	10:44	15,66	1:38	29,11	0	0	5,08	28,81	26,94
4	1	12/05/2015	2015	132	20,63	25,98	13:02	15,12	2:28	28,58	0	0	4,98	29,18	27,25
4	1	13/05/2015	2015	133	22,02	29,87	14:40	16,67	5:18	26,97	0	0	4,87	29,83	27,64
4	1	14/05/2015	2015	134	25,56	34,11	13:28	18,35	4:34	27,15	0	0	6,4	30,49	28,15
4	1	15/05/2015	2015	135	20,62	24,58	10:18	16,26	23:48	26,88	0	0	5,16	30,07	28,41
4	1	16/05/2015	2015	136	19,3	23,24	10:14	15,53	4:04	27,79	0	0	5,06	29,58	28,17
4	1	17/05/2015	2015	137	20,42	24,18	11:14	16,74	3:12	30,27	0	0	6,37	29,23	27,97
4	1	18/05/2015	2015	138	21,25	27,73	14:30	16,19	4:26	27,53	0	0	6,14	29,47	27,95
4	1	19/05/2015	2015	139	20,6	26,46	13:52	16,25	3:50	28,79	0	0	6,13	29,67	28,14
4	1	20/05/2015	2015	140	18,58	21,64	9:08	17,33	13:52	10,99	3	0,17	2,84	26,26	27,65
4	1	21/05/2015	2015	141	18,15	21,02	9:50	15,46	23:24	18,68	0	0	3,76	24,78	25,92
4	1	22/05/2015	2015	142	17,96	21,82	13:20	14,44	4:16	28,25	0	0	5	25,97	25,69
4	1	23/05/2015	2015	143	18,3	21,75	12:12	14,44	4:46	26,32	0	0	5,18	26,66	26,06
4	1	24/05/2015	2015	144	18,43	21,57	15:52	16,12	4:48	16,17	0	0	4,66	25,26	25,99
4	1	25/05/2015	2015	145	19,11	22,52	10:28	14,44	0:00	11,25	0	0	3,38	24,32	25,25
4	1	26/05/2015	2015	146	19,14	23,44	11:50	14,19	3:00	29,61	0	0	5,34	26,28	25,11
4	1	27/05/2015	2015	147	19,87	25,57	14:14	15,05	2:24	29,24	0	0	5,38	28,18	26,14
4	1	28/05/2015	2015	148	22,1	27,4	12:34	16,2	4:40	29,65	0	0	6,72	28,64	26,96
4	1	29/05/2015	2015	149	21,19	25,11	12:00	16,93	23:36	21,37	0	0	4,98	28,37	27,21
4	1	30/05/2015	2015	150	20,43	26,85	14:14	15,92	4:40	28,43	0	0	5,16	29,41	27,31
4	1	31/05/2015	2015	151	21,68	27,73	11:06	17,61	2:16	29,58	0	0	5,48	30,81	28,16
4	1	01/06/2015	2015	152	21,52	26,51	12:14	18,22	23:52	20,83	0	0	4,04	30,65	28,79
4	1	02/06/2015	2015	153	21,96	26,99	13:58	16,79	5:18	30,19	0	0	5,8	30,83	28,81
4	1	03/06/2015	2015	154	25,02	29,14	12:20	18,95	1:26	30,49	0	0	7,75	30,8	29,08
4	1	04/06/2015	2015	155	23,48	28,94	12:40	18,08	23:30	30,19	0	0	6,11	31,56	29,3
4	1	05/06/2015	2015	156	22,42	27,32	13:04	17,2	4:42	29,29	0	0	5,46	31,86	29,7
4	1	06/06/2015	2015	157	23,5	28,81	13:34	17,88	4:24	23,08	0	0	5,59	31,21	29,89
4	1	07/06/2015	2015	158	23,46	27,74	12:52	19,03	3:50	28,75	0	0	6,7	30,95	29,55
4	1	08/06/2015	2015	159	24,08	28,88	9:52	18,34	2:34	28,58	0	0	6,44	31,51	29,7
4	1	09/06/2015	2015	160	22,99	28,87	14:34	19,02	3:54	19,47	0	0	4,39	29,84	29,56
4	1	10/06/2015	2015	161	23,42	28,12	14:12	19,02	3:24	28,5	0	0	5,59	31,78	29,59
4	1	11/06/2015	2015	162	21,22	24,59	12:56	17,88	23:38	19,65	0,8	0	4,32	29,41	29,72
4	1	12/06/2015	2015	163	20,78	23,7	12:12	17,13	4:30	30,39	0	0	5,69	29,65	28,9
4	1	13/06/2015	2015	164	19,28	23,99	10:04	16,46	4:30	29,47	0	0	6,67	28,54	28,68
4	1	14/06/2015	2015	165	18,45	21,7	17:00	13,97	3:44	22,19	0	0	4,68	27,41	27,95
4	1	15/06/2015	2015	166	18,27	21,83	15:48	14,24	5:14	30,48	0	0	5,26	27,89	27,51
4	1	16/06/2015	2015	167	20,91	27,19	13:02	14,51	0:56	30,44	0	0	5,37	29,89	27,92
4	1	17/06/2015	2015	168	22,56	28,05	15:22	16,33	3:34	30,12	0	0	5,54	31,47	29,02
4	1	18/06/2015	2015	169	22,69	26,59	12:30	18,94	5:16	29,76	0	0	6,26	31,58	29,76
4	1	19/06/2015	2015	170	23,26	28,93	12:52	17,14	5:00	30,02	0	0	5,45	32,31	29,96
4	1	20/06/2015	2015	171	23,91	28,27	11:16	18,15	4:04	29,98	0	0	5,71	33	30,63
4	1	21/06/2015	2015	172	25,63	32,42	14:10	19,28	5:08	28,24	0	0	6,29	33,46	31,08
4	1	22/06/2015	2015	173	24,22	29	13:04	18,81	23:16	29,11	0	0	6,23	33,51	31,43
4	1	23/06/2015	2015	174	22,15	26,72	10:56	16,39	5:00	26,64	0	0	5,38	32,3	31,21
4	1	24/06/2015	2015	175	24,21	28,88	10:00	20,16	0:24	27,4	0	0	5,64	33,23	31,07
4	1	25/06/2015	2015	176	23,17	27,11	15:10	19,89	2:22	28,49	0	0	5,31	33,46	31,47
4	1	26/06/2015	2015	177	25,39	30,27	14:52	20,23	0:32	29,71	0	0	5,85	33,97	31,76
4	1	27/06/2015	2015	178	26,48	32,41	15:00	19,96	2:44	29,94	0	0	5,84	34,83	32,27
4	1	28/06/2015	2015	179	28,85	35,76	15:22	21,85	3:58	29,74	0	0	5,87	35,85	32,86
4	1	29/06/2015	2015	180	29,37	36,6	12:10	23,76	2:00	28,43	0	0	8,48	35,69	33,38
4	1	30/06/2015	2015	181	27,4	32,56	6:06	22,84	23:24	28,41	0	0	6,71	35,7	33,41
4	1	01/07/2015	2015	182	26,15	31,2	12:04	21,63	5:06	27,78	0	0	6,1	35,84	33,51
4	1	02/07/2015	2015	183	26,3	32,14	15:36	22,03	5:34	26,05	0	0	5,53	35,98	33,68
4	1	03/07/2015	2015	184	25,77	30,39	14:28	22,57	3:52	26,08	0	0	5,41	35,97	33,83
4	1	04/07/2015	2015	185	25,88	31,21	11:28	21,64	4:32	27,72	0	0	5,6	36,26	33,98
4	1	05/07/2015	2015	186	26,56	32,07	14:18	21,84	4:38	28,68	0	0	5,8	36,49	34,18
4	1	06/07/2015	2015	187	28,44	34,56	15:42	22,65	4:50	26,09	0	0	5,65	36,37	34,37
4	1	07/07/2015	2015	188	30,22	36,39	11:52	22,44	1:44	28,31	0	0	6,06	37,13	34,58
4	1	08/07/2015	2015	189	29,24	35,79	15:38	23,79	23:22	28,56	0	0	6,94	37,23	34,91
4	1	09/07/2015	2015	190	26,9	33,15	12:28	21,15	3:10	27,7	0	0	5,8	37,03	34,88
4	1	10/07/2015	2015	191	25,41	29,53	13:20	22,44	23:28	22,9	0	0	4,83	35,88	34,85
4	1	11/07/2015	2015	192	25,96	31,13	15:20	20,62	3:32	28,81	0	0	5,91	36,31	34,46
4	1	12/07/2015	2015	193	26,57	31,47	12:38	22,3	2:38	27,2	0	0	5,49	37	34,84
4	1	13/07/2015	2015	194	26,73	32,48	15:18	22,17	4:24	28,18	0	0	5,63	37,35	35,1
4	1	14/07/2015	2015	195	27,06	33,02	12:58	21,97	5:10	27,36	0	0	5,45	37,58	35,35
4	1	15/07/2015	2015	196	27,23	33,02	14:28	22,04	4:36	28,42	0	0	5,76	37,68	35,55
4	1	16/07/2015	2015	197	28,26	34,62	15:08	23,32	3:50	28,05	0	0	5,87	37,63	35,65
4	1	17/07/2015	2015	198	28,32	35,25	10:48	23,52	0:48	25,05	0	0	6,3	37,11	35,63
4	1	18/07/2015	2015	199	27,29	31,54	12:18	24,26	4:36	25,59	0	0	5,86	36,91	35,47
4	1	19/07/2015	2015	200	27,26	32,61	13:36	22,37	3:30	27,63	0	0	5,87	37,41	35,43
4	1	20/07/2015	2015	201	27,41	33,08	13:42	23,66	5:00	27,75	0	0	5,89	37,87	35,71
4	1	21/07/2015	2015	202	27,8	32,54	12:02	23,78	3:34	27,99	0	0	5,9	38,29	35,98
4	1	22/07/2015	2015	203	27,93	33,69	11:30	22,3	2:54	27,97	0	0	5,88	38,16	36,07
4	1	23/07/2015	2015	204	27,81	32,75	14:02	23,59	5:32	26,64	0	0	5,62	38,43	36,2
4	1	24/07/2015	2015	205	26,98	30,34	15:20	24,25	23:52	26,53	0	0	5,91	37,71	36,26
4	1	25/07/2015	2015	206	27,99	33,08	11:16	22,51	4:18	28,74	0	0	6,2	37,69	35,89
4	1	26/07/2015	2015	207	27,76	33,09	11:00	23,99	4:40	24,46	0	0	5,44	38,11	36,12
4	1	27/07/2015	2015	208	26,36	31,76	14:12	23,18	0:00	28,35	0	0	6,19	37,46	36,01
4	1	28/07/2015	2015	209	27,22	33,02	11:18	22,11	2:22	27,4	0	0	5,73	37,4	35,73
4	1	29/07/2015	2015	210	27,75	33,62	12:06	24,52	23:52	26,11	0	0	5,67	38	36,05
4	1	30/07/2015	2015	211	27,63	33,75	14:46	23,45	5:00	27,22	0	0	5,92	37,96	36,07
4	1	31/07/2015	2015	212	26,44	29,9	9:04	22,78	23:20	14,31	0,2	0	3,47	35,25	35,8
4	1	01/08/2015	2015	213	26,26	31,82	10:50	20,84	4:54	28,13	0	0	5,91	36,18	34,88
4	1	02/08/2015	2015	214	27,69	31,15	14:00	22,98	4:56	26,69	0	0	6,32	36,25	35,2
4	1	03/08/2015	2015	215	28,43	35,13	10:44	24,59	23:58	26,4	0	0	6,36	37,37	35,32
4	1	04/08/2015	2015	216	27,86	32,68	16:24	23,79	5:36	26,38	0	0	5,71	37,74	35,67
4	1	05/08/2015	2015	217	27,42	32,62	12:50	23,39	5:00	22,18	0	0	4,8	37,01	35,74
4	1	06/08/2015	2015	218	28,57	34,22	13:14	25,87	1:28	21,99	0	0	5,07	37,46	35,72
4	1	07/08/2015	2015	219	29,59	36,23	13:12	26,33	4:22	23,81	0	0	5,74		
4	1	08/08/2015	2015	220	29,45	34,64	11:46	26,66	0:16	20,5	0	0	5,18	36,24	
4	1	09/08/2015	2015	221	28,35	33,31	10:14	26,08	5:54	18,95	0	0	4,71	35,45	
4	1	10/08/2015	2015	222	27,26	32,17	15:44	25,26	4:02	13,86	0	0	3,89	34,39	
4	1	11/08/2015	2015	223	27,71	33,02	15:50	25,05	2:48	19,65	0	0	4,61	34,09	
4	1	12/08/2015	2015	224	28,64	35,5	16:30	23,65	5:16	25,91	0	0	5,55	35,21	
4	1	13/08/2015	2015	225	27,56	33,24	12:24	24,46	4:04	25,82	0	0	7,14	34,91	
4	1	14/08/2015	2015	226	25,04	30,5	9:50	20,36	22:56	27,57	0	0	6,43	33,85	
4	1	15/08/2015	2015	227	23,06	27,51	8:24	19,29	5:46	26,21	0	0	5,47	32,85	
4	1	16/08/2015	2015	228	25,02	30,13	14:34	20,75	0:00	24,92	0	0	5,13	32,89	
4	1	17/08/2015	2015	229	24,24	29,39	12:42	19,75	4:26	26,94	0	0	5,47	33,26	
4	1	18/08/2015	2015	230	25,03	31	13:34	20,63	0:00	25,91	0	0	5,15	33,5	
4	1	19/08/2015	2015	231	26,31	30,6	12:46	22,64	0:56	24,48	0	0	5,15	33,83	
4	1	20/08/2015	2015	232	27,22	30,88	11:44	23,45	5:02	25,6	0	0	5,78	33,84	
4	1	21/08/2015	2015	233	27,8	32,83	13:58	24,39	23:36	25,1	0	0	6,01	33,93	
4	1	22/08/2015	2015	234	26,02	30,34	11:08	22,51	0:00	25,55	0	0	6,23	33,88	
4	1	23/08/2015	2015	235	22,95	26,21	8:42	19,41	23:36	23,54	0	0	5,18	32,3	
4	1	24/08/2015	2015	236	22,22	26,72	10:56	17,61	5:18	26,14	0	0	5,15	31,41	
4	1	25/08/2015	2015	237	24,42	31,28	12:36	18,08	5:10	26,32	0,2	0	4,87	32	
4	1	26/08/2015	2015	238	25,06	30,73	12:46	20,84	4:50	25,2	0	0	4,69	32,9	
4	1	27/08/2015	2015	239	25,5	31	13:46	21,3	4:58	22,85	0	0	4,46	33,22	
4	1	28/08/2015	2015	240	25,41	29,86	16:10	21,97	2:44	22,26	0	0	4,56	32,87	
4	1	29/08/2015	2015	241	25,72	29,74	13:34	22,17	4:38	22,21	0	0	4,98	32,51	
4	1	30/08/2015	2015	242	26,9	30,61	13:18	22,64	5:36	23,28	0	0	5,07	32,77	
4	1	31/08/2015	2015	243	25,57	29,35	10:12	22,91	23:46	13,46	0,4	0	3,1	32,6	
4	1	01/09/2015	2015	244	24,83	29,34	13:58	21,43	0:00	24,57	0	0	4,81	32,4	
4	1	02/09/2015	2015	245	24,23	28,81	13:38	20,02	5:44	25,38	0	0	5,53	32,07	
4	1	03/09/2015	2015	246	22,19	25,58	12:46	19,08	23:34	25,07	0	0	4,93	31,14	
4	1	04/09/2015	2015	247	20,33	24,57	13:10	16,86	5:48	23,48	0	0	4,37	30,16	
4	1	05/09/2015	2015	248	23,7	28,14	12:40	20,29	0:30	18,76	0	0	4,36	29,97	
4	1	06/09/2015	2015	249	23,88	27,8	11:30	20,62	5:26	17,66	2,2	0	4,27	29,84	
4	1	07/09/2015	2015	250	22,98	26,39	13:46	19,12	10:56	13,78	12,4	7,33	3,08	27,91	
4	1	08/09/2015	2015	251	23,03	27,13	12:42	20,02	23:36	21,86	0,8	0	4,15	27,44	
4	1	09/09/2015	2015	252	22,68	26,72	13:54	19,62	6:12	22,08	0	0	4,03	27,59	
4	1	10/09/2015	2015	253	23,48	27,93	11:26	19,82	5:40	22,88	0	0	4,2	28,57	
4	1	11/09/2015	2015	254	23,93	30,2	13:14	18,89	6:02	22,6	0	0	3,98	29,05	
4	1	12/09/2015	2015	255	25,01	30,69	14:40	21,5	23:40	16,26	0	0	3,85	28,81	
4	1	13/09/2015	2015	256	22,46	26,05	13:06	20,36	3:02	19,46	0	0	3,97	28,2	
4	1	14/09/2015	2015	257	22,56	27,32	11:58	19,1	4:44	22,59	0	0	4,59	28,3	
4	1	15/09/2015	2015	258	20,59	23,43	12:36	17,94	1:04	23,61	0	0	4,28	27,55	
4	1	16/09/2015	2015	259	20,35	23,97	16:00	16,73	4:06	24,06	0	0	4,55	26,87	
4	1	17/09/2015	2015	260	19,69	23,58	14:20	16,52	23:54	23,85	0	0	4,51	26,78	
4	1	18/09/2015	2015	261	21,99	26,33	10:34	16,19	0:30	23,11	0	0	5,25	26,67	
4	1	19/09/2015	2015	262	23,75	27,13	12:54	20,35	23:12	22,57	0	0	5,56	27,56	
4	1	20/09/2015	2015	263	21,69	26,51	11:34	17,47	5:44	21,51	0	0	3,53	28,08	
4	1	21/09/2015	2015	264	21,3	26,12	12:50	18,48	23:06	18,32	0	0	3,71	27,82	
4	1	22/09/2015	2015	265	22,38	28,06	13:08	17,27	5:28	22,14	0	0	4,03	28,28	
4	1	23/09/2015	2015	266	22,96	27,09	9:04	19,15	6:02	21,91	0	0	4,16	28,14	
4	1	24/09/2015	2015	267	21,85	26,59	13:28	18,68	5:36	20,18	0	0	3,46	28,16	
4	1	25/09/2015	2015	268	21,13	25,71	11:30	17,67	3:32	21,94	0	0	3,56	28,08	
4	1	26/09/2015	2015	269	20,67	26,38	14:06	15,93	3:18	20,46	0	0	3,3	27,73	
4	1	27/09/2015	2015	270	21,1	25,98	13:10	17	5:14	18,59	0	0	3,4	27,47	
4	1	28/09/2015	2015	271	22,1	26,18	12:40	18,49	5:30	21,04	0	0	4,9	27,11	
4	1	29/09/2015	2015	272	20,92	23,66	9:36	18,34	23:56	10,59	0,2	0	3,03	26,09	
4	1	30/09/2015	2015	273	20,41	24,44	12:00	17,54	5:02	19,54	0	0	3,31	26,48	
4	1	01/10/2015	2015	274	20,56	25,78	12:08	17,07	3:20	20,06	0	0	3,15	26,72	
4	1	02/10/2015	2015	275	20,46	25,18	14:28	16,59	5:00	20,76	0	0	3,26	26,81	
4	1	03/10/2015	2015	276	21,6	26,19	13:12	18,75	4:34	13,55	0	0	2,85	26,49	
4	1	04/10/2015	2015	277	22,56	27,6	12:38	18,15	3:02	17,72	0	0	3,53	26,66	
4	1	05/10/2015	2015	278	23,53	27,4	11:42	20,57	3:12	11,98	0	0	2,77	26,95	
4	1	06/10/2015	2015	279	22,2	26,06	13:24	18,42	22:00	18,54	0	0	3,7	26,89	
4	1	07/10/2015	2015	280	21,57	25,78	12:56	18,27	23:42	17,89	0	0	2,87	26,47	
4	1	08/10/2015	2015	281	20,69	24,38	10:42	17,54	1:02	19,12	6,6	3,12	3,13	26,33	
4	1	09/10/2015	2015	282	19,54	24,44	12:02	16,66	5:10	12,77	4	1,03	2,09	24,61	
4	1	10/10/2015	2015	283	19,78	25,18	13:40	16,4	5:44	18,44	0	0	2,72	23,84	
4	1	11/10/2015	2015	284	19,99	23,45	13:10	17,54	1:24	11,13	0,2	0	2,28	23,4	
4	1	12/10/2015	2015	285	20,77	24,72	14:34	17,07	4:58	17,13	0	0	3,25	23,65	
4	1	13/10/2015	2015	286	20,17	23,57	12:06	17,2	22:38	19,56	0	0	3,15	24,58	
4	1	14/10/2015	2015	287	19,76	25,1	13:04	15,99	2:24	20,41	0	0	3,24	24,68	
4	1	15/10/2015	2015	288	20,23	24,64	13:30	17,27	3:50	19,27	0	0	2,75	25,21	
4	1	16/10/2015	2015	289	20,26	24,44	12:08	16,86	5:58	17,71	0	0	2,76	25	
4	1	17/10/2015	2015	290	22,14	26,4	11:06	18,42	0:46	16,86	0	0	3,5	24,78	
4	1	18/10/2015	2015	291	20,39	23,65	11:14	16,65	22:38	12,85	13,6	8,14	2,32	24,57	
4	1	19/10/2015	2015	292	20,33	24,91	12:20	16,86	2:54	14,91	0	0	2,38	23,43	
4	1	20/10/2015	2015	293	18,78	22,71	12:10	14,96	5:22	9,63	39,4	23,79	1,71	20,99	
4	1	21/10/2015	2015	294	19,18	22,78	13:06	16,73	23:38	13,62	0	0	2,24	21,89	
4	1	22/10/2015	2015	295	18,84	22,37	12:04	16,53	23:24	15,49	0	0	2,27	21,32	
4	1	23/10/2015	2015	296	18,66	23,58	13:16	14,51	5:28	16,38	0	0	2,19	21,45	
4	1	24/10/2015	2015	297	18,61	20,91	10:30	16,2	3:30	4,22	0	0	1,2	20,43	
4	1	25/10/2015	2015	298	19,36	21,98	16:10	17	3:42	8,41	0	0	2,27	20,18	
4	1	26/10/2015	2015	299	18,16	20,63	15:04	16,38	7:24	4,89	9,6	5,33	1,24	20	
4	1	27/10/2015	2015	300	18,79	21,97	10:30	16,39	22:08	9,26	0	0	2,29	19,89	
4	1	28/10/2015	2015	301	18,06	21,63	11:34	14,04	5:30	17,51	0	0	2,8	19,15	
4	1	29/10/2015	2015	302	18,2	21,75	12:02	15,39	5:12	13,61	0	0	1,94	19,35	
4	1	30/10/2015	2015	303	18,49	22,77	12:52	14,85	0:34	16,58	0	0	2,4	19,76	19,54
4	1	31/10/2015	2015	304	19,14	22,37	12:26	15,66	3:40	15,97	0	0	2,79	19,87	19,74
4	1	01/11/2015	2015	305	20,45	23,25	12:12	12,78	23:34	11,89	28,8	17,74	3,09	19,7	19,97
4	1	02/11/2015	2015	306	16,06	19,16	15:06	13,67	0:00	7,82	0,4	0	2,09	16,22	17,01
4	1	03/11/2015	2015	307	16,92	20,44	10:04	13,51	2:36	12,13	0	0	2,09	17,1	17,12
4	1	04/11/2015	2015	308	18,34	22,9	12:06	15,12	22:46	15,54	0	0	1,92	18,97	19,11
4	1	05/11/2015	2015	309	17,55	22,03	13:32	14,26	2:38	15,69	0	0	1,8	19,24	18,99
4	1	06/11/2015	2015	310	18,75	23,17	12:44	14,51	4:02	15,33	0	0	1,78	19,52	19,33
4	1	07/11/2015	2015	311	18,52	22,44	12:40	14,85	5:42	15,65	0	0	2,26	19,35	19,14
4	1	08/11/2015	2015	312	18,25	22,1	13:02	15,53	6:06	16,01	0	0	2,87	18,93	18,75
4	1	09/11/2015	2015	313	17,86	21,97	11:18	13,65	3:04	15,15	0	0	1,83	18,73	18,41
4	1	10/11/2015	2015	314	17,66	22,77	11:22	13,98	23:56	15,4	0	0	1,74	18,87	18,45
4	1	11/11/2015	2015	315	17,4	21,42	14:06	13,5	4:40	14,54	0	0	1,51	19,02	18,66
4	1	12/11/2015	2015	316	16,75	20,15	13:12	13,9	3:06	13,65	0	0	1,55	19,15	19,09
4	1	13/11/2015	2015	317	17,01	21,22	14:00	14,31	2:52	13,33	0	0	1,5	19,42	19,33
4	1	14/11/2015	2015	318	17,98	21,57	12:02	14,92	20:24	11,33	0	0	2,12	18,84	18,83
4	1	15/11/2015	2015	319	17,64	21,16	13:10	14,46	4:52	13,22	0	0	1,53	18,85	18,82
4	1	16/11/2015	2015	320	15,77	19,69	13:12	12,84	6:52	13,82	0	0	1,48	18,96	18,58
4	1	17/11/2015	2015	321	16,27	21,83	13:10	12,44	3:40	14,02	0	0	1,41	18,24	17,61
4	1	18/11/2015	2015	322	16,05	20,89	13:52	12,43	6:24	13,56	0	0	1,36	18,05	17,4
4	1	19/11/2015	2015	323	15,2	20,16	12:48	11,91	6:12	13,08	0	0	1,35	17,73	17,04
4	1	20/11/2015	2015	324	16,01	20,69	12:20	12,29	0:00	13,12	0	0	1,53	17,65	17,06
4	1	21/11/2015	2015	325	17,71	23,52	14:52	12,77	6:28	12,33	0	0	2,02	17,63	17,3
4	1	22/11/2015	2015	326	12,54	18,14	11:14	8,86	18:18	5,09	11,2	6,46	1,14	16,69	15,99
4	1	23/11/2015	2015	327	11,42	16,25	11:46	8,25	23:38	9,87	0	0	1,27	14,38	13,53
4	1	24/11/2015	2015	328	11,87	15,65	11:00	7,59	7:02	14,14	0	0	1,66	13,47	12,62
4	1	25/11/2015	2015	329	13,31	17,74	15:06	9,81	6:18	13,7	0	0	1,34	13,68	13,02
4	1	26/11/2015	2015	330	16,25	24,28	10:56	11,02	7:10	13,97	0	0	1,52	14,37	13,6
4	1	27/11/2015	2015	331	15,39	20,16	11:10	12,71	0:00	7,47	0	0	1,26	14,52	13,88
4	1	28/11/2015	2015	332	14,66	19,28	12:30	11,29	6:20	13,19	0	0	1,14	14,73	14,02
4	1	29/11/2015	2015	333	14,72	18,67	12:40	11,89	23:36	12,6	0	0	1,56	14,66	14
4	1	30/11/2015	2015	334	14,37	18,87	12:40	10,68	20:32	13,41	0	0	1,49	14,4	13,75
4	1	01/12/2015	2015	335	13,8	19,48	13:24	10,62	23:52	12,8	0	0	1,02	14,48	13,63
4	1	02/12/2015	2015	336	13,12	17,87	12:44	9,94	6:16	11,26	0	0	1	14,4	13,59
4	1	03/12/2015	2015	337	13,91	19,28	13:08	9,47	5:30	11	0	0	1,05	14,41	13,68
4	1	04/12/2015	2015	338	14,75	18,67	13:10	11,76	0:54	11,28	0	0	1,05	15,12	14,73
4	1	05/12/2015	2015	339	14,02	18	13:18	11,56	6:52	12,12	0	0	1,08	15,35	14,8
4	1	06/12/2015	2015	340	13,97	17,73	14:36	11,09	7:12	9,85	0	0	1,08	14,86	14,42
4	1	07/12/2015	2015	341	14,65	18,54	12:00	11,9	1:26	10,84	0	0	1,09	14,94	14,53
4	1	08/12/2015	2015	342	14,15	18,54	11:24	11,69	6:28	8,32	0	0	0,87	15,05	14,48
4	1	09/12/2015	2015	343	15,54	18,08	10:50	11,9	3:28	9	0	0	1,83	14,9	14,59
4	1	10/12/2015	2015	344	17,1	20,16	11:24	14,84	20:54	11,1	0	0	2,83	15,79	15,65
4	1	11/12/2015	2015	345	16,34	19,82	13:00	13,97	18:34	10,71	0	0	2,78	15,83	15,5
4	1	12/12/2015	2015	346	14,93	18,27	12:04	11,48	20:14	8,62	0	0	1,39	15,38	14,79
4	1	13/12/2015	2015	347	13,32	17,47	11:30	10,21	23:10	9,75	0	0	0,96	14,8	14,24
4	1	14/12/2015	2015	348	13,14	17,13	14:50	10,75	23:32	5,35	0	0	0,75	14,5	14,14
4	1	15/12/2015	2015	349	14,41	19,75	13:32	10,21	1:44	11,82	0	0	1	14,26	13,5
4	1	16/12/2015	2015	350	16,84	23,87	15:02	12,1	5:54	10,82	0	0	1,08	14,54	13,78
4	1	17/12/2015	2015	351	16,64	20,7	13:36	12,78	23:28	9,89	0	0	0,98	14,99	14,35
4	1	18/12/2015	2015	352	13,93	19,42	13:32	10,08	4:08	10,06	0	0	0,91	14,63	13,9
4	1	19/12/2015	2015	353	14,13	22,34	9:28	9,6	4:06	12,18	0	0	0,86	14,38	13,45
4	1	20/12/2015	2015	354	12,05	18,15	13:50	7,52	5:50	11,54	0	0	0,88	13,98	13
4	1	21/12/2015	2015	355	13,04	17,33	13:42	9,94	3:50	10,69	0	0	0,93	13,97	13,18
4	1	22/12/2015	2015	356	13,78	18,14	13:36	10,81	20:12	11,76	0	0	1,19	14,11	13,4
4	1	23/12/2015	2015	357	13,07	17,61	14:16	10,14	6:12	9,19	0	0	0,87	13,86	13,21
4	1	24/12/2015	2015	358	13,44	17,73	12:20	10,69	4:04	9,97	0	0	0,88	14,18	13,57
4	1	25/12/2015	2015	359	13,9	18,68	13:46	10,89	6:44	11,18	0	0	1,05	14,29	13,61
4	1	26/12/2015	2015	360	13,92	17,66	13:30	10,61	3:46	11,66	0	0	1,29	14,26	13,57
4	1	27/12/2015	2015	361	16,04	19,7	13:18	13,5	5:02	10,39	0	0	3,1	14,66	14,26
4	1	28/12/2015	2015	362	14,71	18,88	13:58	11,35	22:48	10,75	0	0	1,21	14,96	14,31
4	1	29/12/2015	2015	363	14,16	18,01	11:26	10,82	3:22	10,11	0	0	1,1	14,94	14,47
4	1	30/12/2015	2015	364	14,05	17,47	13:18	10,96	6:08	12,28	0	0	1,21	14,83	14,13
4	1	31/12/2015	2015	365	14,19	19,35	12:32	10,89	1:14	11,02	0	0	1,03	14,42	13,65
